Max number of moves: 6821
268 460 13 208 67 267 158 493 281 28 190 417 40 293 62 32 291 85 478 162 259 204 340 238 92 497 321 236 432 413 428 142 438 215 136 244 353 316 341 152 44 179 451 245 306 403 386 348 470 422 211 239 94 54 248 186 222 160 246 98 66 29 464 467 80 163 11 277 73 473 112 333 123 494 182 290 229 481 243 360 234 88 364 439 304 133 433 262 128 383 261 25 329 46 105 168 207 472 6 86 59 296 129 91 375 192 106 453 332 164 169 347 131 299 89 343 5 491 8 217 492 159 471 43 302 490 260 324 70 90 474 253 26 122 390 33 435 283 482 93 415 336 399 338 77 141 378 144 388 116 314 264 317 155 285 276 458 176 423 107 110 367 65 418 173 310 305 330 450 269 149 440 393 272 196 463 436 350 34 193 455 274 409 334 384 421 242 437 45 3 385 342 301 213 56 376 206 36 154 209 200 315 241 49 184 466 199 461 145 271 414 346 266 328 394 52 220 256 1 108 55 495 499 368 483 170 175 362 335 419 185 103 406 391 78 18 400 231 372 21 275 395 96 258 412 287 496 166 226 265 308 95 486 235 457 251 373 71 63 188 50 370 64 252 392 118 449 127 109 250 139 221 255 339 278 183 365 132 434 319 69 351 130 387 47 227 115 189 349 389 20 344 82 280 485 352 303 477 273 313 191 157 223 140 380 212 345 356 286 240 203 398 462 167 216 465 424 117 198 263 23 320 479 146 81 468 300 454 75 431 134 31 396 178 442 225 53 475 294 100 87 48 374 397 444 408 445 60 143 257 402 10 459 446 254 171 181 426 323 230 498 197 9 379 405 76 318 219 382 488 12 214 361 233 487 441 377 104 469 124 101 156 113 309 366 224 35 429 150 151 359 38 404 270 121 202 83 443 14 407 337 61 165 307 327 27 126 210 284 72 187 205 326 480 416 456 161 452 147 102 22 297 180 322 282 37 68 500 312 289 371 41 17 448 120 30 410 354 114 247 177 358 39 195 125 99 355 430 484 232 381 201 42 425 476 288 174 138 111 427 369 148 4 24 79 58 74 15 19 292 237 7 84 295 357 363 311 420 16 194 218 57 137 411 401 325 489 97 249 279 172 447 119 228 51 135 298 2 153 331
Max number of moves: 674
34 2 46 96 53 40 24 51 38 12 76 56 47 37 23 33 4 70 89 95 72 97 71 48 100 44 49 27 81 99 83 79 42 11 65 8 26 62 75 88 55 10 77 36 35 16 15 54 31 41 74 84 30 28 80 7 3 82 59 98 20 93 32 63 1 57 29 6 94 18 61 91 90 13 58 78 25 21 14 17 39 73 43 45 66 52 22 68 69 9 50 87 19 67 60 86 92 5 64 85
Max number of moves: 696
21 27 50 25 91 14 65 71 20 10 78 48 92 34 69 31 40 82 84 35 96 32 12 67 41 80 83 38 17 45 61 58 24 66 16 57 19 76 95 42 47 29 11 4 90 70 28 62 2 100 52 72 94 89 60 3 1 6 13 93 55 15 77 56 73 63 44 75 88 39 51 99 46 5 36 68 86 53 79 43 74 37 49 8 18 9 64 81 87 30 7 23 26 54 97 85 98 59 33 22
Max number of moves: 733
6 20 64 5 24 52 88 29 37 1 47 67 89 7 28 32 70 46 92 14 50 23 87 15 26 21 84 60 71 63 94 11 51 91 34 2 40 25 4 55 30 81 95 35 12 96 3 59 90 9 100 13 61 53 54 66 72 68 45 57 8 75 41 27 86 33 58 36 78 56 69 17 97 73 22 98 74 99 76 39 19 62 31 65 80 44 83 49 48 10 18 38 82 16 42 77 93 79 43 85
Max number of moves: 723
54 74 90 59 79 85 36 44 6 65 27 60 78 47 18 56 22 37 96 10 84 25 64 52 33 93 48 92 86 55 45 53 17 20 12 30 15 23 80 63 100 58 83 75 46 40 99 2 72 89 95 67 8 68 32 38 87 62 21 76 41 42 70 77 88 31 82 34 5 24 39 26 61 81 35 9 73 28 16 14 1 51 98 43 29 66 13 4 57 97 19 7 69 50 94 3 91 11 49 71
