Number of moves: 723
54 74 90 59 79 85 36 44 6 65 27 60 78 47 18 56 22 37 96 10 84 25 64 52 33 93 48 92 86 55 45 53 17 20 12 30 15 23 80 63 100 58 83 75 46 40 99 2 72 89 95 67 8 68 32 38 87 62 21 76 41 42 70 77 88 31 82 34 5 24 39 26 61 81 35 9 73 28 16 14 1 51 98 43 29 66 13 4 57 97 19 7 69 50 94 3 91 11 49 71
Number of moves: 703
39 32 96 37 6 54 90 91 51 29 35 18 69 77 85 44 21 68 7 86 46 52 40 55 93 99 76 73 27 64 82 1 45 75 36 95 87 22 20 63 31 50 15 74 23 98 10 13 14 33 57 19 30 79 43 9 70 4 60 58 53 3 97 81 71 72 94 42 80 16 49 84 66 38 88 28 25 62 2 56 8 59 61 65 24 92 47 41 5 12 34 100 78 48 67 83 11 89 26 17
Number of moves: 703
29 8 68 49 38 40 98 12 82 36 16 86 60 20 5 22 87 45 18 100 75 10 3 92 23 50 46 91 42 31 96 81 97 39 13 73 7 58 2 17 41 95 84 6 65 19 47 1 94 78 24 74 71 99 14 4 35 25 70 43 26 67 48 62 53 11 63 21 61 85 77 89 44 93 59 52 80 83 57 15 76 37 88 72 90 27 32 79 30 64 56 34 9 28 33 66 54 51 55 69
Number of moves: 705
32 4 8 42 48 68 92 90 26 51 27 17 80 97 12 39 29 53 31 59 74 61 47 30 14 72 54 2 57 21 66 49 89 44 34 9 73 91 6 18 77 60 85 82 15 3 58 20 24 41 38 11 45 5 81 35 69 63 13 87 37 16 76 84 100 56 83 52 71 55 94 36 22 43 65 67 19 1 50 33 64 46 98 95 86 88 99 93 40 10 28 79 7 70 96 25 78 23 62 75
Number of moves: 711
77 50 65 18 84 9 81 86 83 43 47 53 62 39 75 29 13 61 64 36 94 5 58 68 63 54 17 88 99 67 96 28 23 12 14 15 42 16 2 22 48 20 3 26 87 71 25 91 56 30 93 41 76 51 10 73 44 60 79 82 37 31 59 95 85 70 74 72 97 49 32 38 1 34 100 27 19 90 21 45 7 78 35 4 11 8 24 46 52 55 98 66 80 6 89 69 33 92 57 40
Number of moves: 702
99 2 49 12 60 26 29 18 17 74 45 77 96 7 54 95 5 65 76 61 38 37 70 83 71 94 11 47 36 50 100 58 75 24 90 81 55 66 97 35 10 30 64 86 21 25 9 87 56 51 73 27 20 8 46 98 62 19 6 53 40 59 3 22 23 16 4 41 44 72 78 89 84 82 52 79 85 14 15 42 1 67 28 93 92 80 34 68 13 31 48 33 88 32 39 57 43 69 91 63
Number of moves: 704
23 15 21 72 12 85 79 55 95 40 99 70 63 29 38 46 86 25 88 48 58 54 84 18 87 73 89 10 93 41 69 30 60 47 56 26 20 81 35 16 37 44 4 91 1 45 39 98 5 9 31 80 3 94 51 64 82 97 49 92 2 65 62 52 14 32 27 19 6 76 57 75 33 61 100 71 68 66 59 28 13 22 50 42 8 83 24 17 43 36 74 67 53 90 96 7 11 78 77 34
Number of moves: 708
30 76 86 44 24 35 8 51 26 39 75 16 74 43 55 23 85 88 73 65 1 56 17 49 54 95 69 72 4 41 84 6 31 32 3 45 93 57 60 61 62 78 25 13 33 94 59 5 10 52 7 40 63 70 98 20 83 97 66 91 68 100 47 21 71 29 9 77 27 50 34 82 42 14 37 46 79 92 19 89 2 81 99 36 90 11 12 67 87 15 96 22 53 18 80 58 28 38 48 64
Number of moves: 706
52 74 57 64 46 48 28 60 13 18 76 10 89 71 16 35 94 9 75 86 68 44 36 80 53 70 8 51 59 45 82 69 41 78 27 100 7 14 11 87 73 95 92 42 96 61 49 2 29 85 98 84 37 22 19 58 15 63 17 47 91 83 77 26 25 34 62 56 43 38 33 93 81 5 21 30 90 99 20 97 88 6 66 23 32 24 31 79 65 40 12 55 4 67 50 39 72 1 3 54
Number of moves: 708
84 3 30 69 94 54 44 78 82 53 72 17 95 65 62 83 38 20 41 88 67 96 50 23 47 2 26 10 7 70 57 31 76 100 6 66 52 85 89 46 9 63 27 55 29 71 13 99 16 74 80 59 68 87 40 98 58 86 4 28 81 64 22 14 33 35 21 39 56 92 90 51 48 32 15 61 75 91 37 97 34 19 5 93 43 77 8 25 24 1 12 36 18 42 45 60 79 73 11 49
Number of moves: 701
89 21 44 33 54 55 23 35 29 97 63 19 70 65 46 87 88 32 80 83 73 11 78 40 51 86 18 74 52 13 45 42 57 84 26 7 48 10 82 37 3 60 38 91 27 66 96 1 43 15 77 24 36 75 12 72 79 92 30 50 100 67 31 59 68 62 9 95 90 99 85 76 69 5 93 4 17 6 81 49 64 47 56 20 61 41 16 2 8 14 28 34 53 22 98 39 71 25 58 94
Number of moves: 708
15 31 70 8 6 84 51 50 1 30 73 90 57 37 95 55 87 25 75 49 93 3 60 2 23 98 14 22 32 68 29 80 64 72 47 78 7 69 65 53 54 19 44 77 58 4 56 85 89 100 88 97 18 43 52 34 21 96 86 76 63 42 33 48 24 41 27 20 81 61 59 17 38 71 36 74 10 91 79 13 83 35 62 82 26 12 11 46 67 39 28 66 5 94 16 45 40 9 99 92
Number of moves: 705
19 48 99 16 94 50 76 26 23 18 51 67 21 12 36 10 92 96 91 73 75 25 95 15 43 81 82 71 59 5 38 64 97 72 24 29 87 17 60 56 47 9 3 4 68 2 28 61 6 11 78 13 100 1 98 44 88 33 30 63 7 83 52 42 35 84 27 62 80 49 93 66 40 37 85 65 77 39 31 57 58 46 54 86 34 90 20 8 45 53 32 79 41 22 55 14 89 69 74 70
Number of moves: 708
51 75 35 16 9 59 66 68 11 26 91 71 6 36 86 32 7 50 67 18 5 33 54 73 94 84 63 61 90 20 31 15 81 24 52 8 30 38 43 19 93 82 96 27 62 98 56 95 64 83 78 100 89 58 72 77 17 49 2 44 28 65 29 41 46 92 69 22 25 14 76 99 80 55 48 10 23 13 42 57 1 88 40 74 34 60 37 70 85 21 3 87 12 47 39 79 53 45 97 4
Number of moves: 718
81 56 18 74 43 63 57 17 65 41 5 94 99 91 2 6 21 93 86 69 61 44 92 100 19 15 97 68 10 88 51 82 32 79 89 7 54 26 70 16 46 1 38 4 39 3 23 28 80 34 29 60 85 25 14 72 71 42 67 35 75 50 31 87 24 64 73 58 96 8 9 22 77 76 11 40 20 33 78 49 27 66 36 59 84 12 55 95 30 98 53 62 47 37 48 45 52 13 90 83
Number of moves: 7032
152 228 178 24 80 429 253 32 83 336 299 202 182 465 306 107 155 134 63 447 175 98 151 239 321 110 25 498 137 216 443 219 191 482 348 52 231 437 222 176 494 156 289 362 72 357 87 163 432 132 20 189 85 64 472 133 468 197 53 396 410 361 385 453 122 124 433 301 462 129 359 346 368 224 436 4 370 115 48 318 260 127 261 413 5 97 65 158 477 317 16 167 125 452 497 75 60 411 380 338 395 397 294 95 214 186 153 201 41 282 143 399 121 458 14 226 369 77 37 409 420 347 140 173 49 331 211 341 381 256 108 209 273 36 183 486 135 386 431 428 332 208 100 345 275 38 394 249 199 8 89 180 344 250 57 417 316 17 104 105 372 367 445 403 232 223 236 213 484 138 467 342 288 200 460 463 303 19 29 423 247 492 123 272 205 131 240 45 309 290 314 2 252 363 82 238 354 251 435 259 13 266 148 78 217 50 263 79 487 51 312 271 174 96 326 389 1 373 449 203 169 112 68 376 88 245 293 430 40 438 6 339 485 325 154 495 139 278 371 496 481 91 308 150 442 26 66 340 356 384 23 128 446 84 22 365 220 286 364 500 142 335 377 329 210 179 196 461 56 401 101 71 333 229 353 270 94 86 459 257 43 241 103 21 31 393 407 415 404 61 455 67 194 483 358 416 181 120 92 258 493 28 147 383 305 422 280 116 164 378 204 149 297 491 35 408 3 39 479 279 390 93 473 185 313 405 62 366 27 400 221 327 374 454 162 474 441 136 33 118 268 10 159 414 113 267 99 328 489 172 470 391 144 248 42 382 456 464 375 212 206 230 264 187 12 334 177 320 300 126 265 76 281 311 319 254 444 488 54 146 102 471 387 490 304 285 192 130 392 315 215 351 198 440 233 44 322 246 412 296 350 418 160 9 227 466 188 287 46 424 165 469 426 106 190 114 195 360 298 11 157 168 277 475 349 402 352 74 207 7 434 476 161 117 379 244 47 225 34 170 323 218 451 109 284 450 276 59 355 330 242 295 269 499 262 302 307 421 81 166 70 243 30 237 235 18 90 193 439 58 291 283 457 55 324 119 141 478 406 73 111 234 448 337 398 388 419 425 310 292 480 343 145 171 255 274 427 184 69 15
Number of moves: 7033
64 45 96 381 239 491 37 224 249 163 387 483 430 444 38 255 20 355 78 21 420 498 245 204 490 329 200 108 399 49 41 131 85 178 342 322 12 273 84 251 394 46 167 133 190 162 219 156 52 95 231 180 414 77 83 89 330 86 15 123 267 386 369 10 481 404 321 127 278 198 458 174 437 240 474 339 448 407 1 424 375 363 153 456 143 306 235 58 34 139 257 232 370 389 488 206 157 285 358 209 378 72 28 416 449 27 253 169 331 281 419 302 352 365 413 104 408 105 144 221 222 357 429 283 392 467 210 497 65 140 334 469 212 459 234 130 9 362 324 451 367 94 40 443 347 353 161 484 466 376 272 499 384 33 338 188 476 214 197 259 307 364 25 17 308 75 438 494 179 393 98 284 470 274 279 492 103 371 309 125 68 382 326 213 435 129 4 422 317 457 122 277 244 500 48 233 415 379 154 374 36 74 359 264 486 92 171 288 220 202 30 137 155 135 175 136 183 489 372 291 93 402 327 165 230 433 335 181 336 62 32 280 418 187 366 67 114 248 13 337 250 270 411 258 176 465 39 99 246 147 241 31 316 121 479 423 150 18 351 115 318 396 310 475 301 88 44 482 100 134 398 286 191 496 333 201 194 177 417 97 315 90 412 242 427 113 159 166 348 442 421 440 7 269 296 73 345 80 69 247 192 426 182 76 148 343 102 298 128 341 81 395 294 208 409 300 203 373 151 126 87 16 290 11 293 120 461 142 356 287 305 349 485 480 185 361 401 295 141 263 51 344 425 199 380 238 453 56 446 66 226 132 23 266 354 55 262 493 29 54 24 487 189 292 42 107 323 116 368 452 254 478 47 236 388 223 405 43 26 346 434 243 173 6 276 61 463 391 79 172 207 101 138 205 57 215 70 403 282 431 406 119 110 164 471 19 377 454 35 168 472 261 397 304 265 252 445 146 228 118 63 158 312 410 3 59 71 152 495 216 311 260 217 91 340 436 2 22 227 450 82 477 170 390 439 328 268 124 460 111 117 106 297 455 473 109 160 468 383 332 350 5 319 225 196 462 193 8 275 385 14 145 237 195 149 186 400 464 447 320 432 289 325 256 360 184 299 313 53 314 271 441 211 50 218 428 60 303 112 229
Number of moves: 7124
499 298 72 470 118 170 414 326 468 425 270 335 93 143 74 347 262 13 165 291 184 178 137 21 329 230 247 95 188 60 389 261 293 460 78 302 466 36 144 151 187 338 436 101 2 51 452 308 233 418 54 342 202 77 463 114 435 278 284 403 190 22 371 169 195 243 384 81 277 123 336 46 301 320 94 176 161 269 23 444 387 221 412 413 138 152 79 346 97 86 154 214 199 457 424 62 132 325 244 263 486 173 441 109 250 104 48 75 431 253 368 316 220 411 285 111 369 128 416 455 209 421 228 14 363 390 25 352 167 153 107 135 404 497 208 127 318 274 283 238 26 84 83 330 343 205 337 287 90 467 446 37 267 126 24 448 388 290 158 91 125 218 398 295 145 323 281 408 472 482 271 47 115 16 453 461 396 410 372 236 9 216 374 100 33 18 29 474 102 422 85 186 148 481 219 222 172 147 333 155 206 426 340 259 495 204 386 385 324 496 146 254 328 3 445 391 370 289 256 362 58 273 163 332 322 207 268 397 242 245 375 348 383 297 449 197 116 380 473 71 20 164 105 437 464 27 351 276 471 185 415 469 358 357 493 240 157 458 382 223 417 181 379 103 56 92 212 134 196 307 280 40 312 43 359 19 249 5 438 191 140 217 15 303 6 376 459 67 203 264 393 292 66 156 117 168 428 313 279 194 52 237 162 423 355 39 257 42 288 407 300 88 439 68 419 494 311 309 365 234 34 294 59 31 456 32 272 442 447 299 141 405 429 80 7 61 96 401 200 378 266 226 189 392 395 260 231 69 427 475 317 377 55 4 106 478 490 179 182 30 159 433 356 227 239 306 136 45 345 498 282 406 53 465 192 484 232 315 119 174 89 305 381 443 166 327 341 265 193 63 400 113 394 434 480 364 210 367 479 17 112 500 409 420 353 246 350 319 476 99 399 133 430 487 44 211 130 360 41 489 160 110 361 38 304 339 98 344 50 310 491 314 483 131 64 331 402 175 1 180 142 488 120 451 149 462 251 12 241 82 440 11 215 122 492 432 8 183 366 201 248 70 229 255 225 252 354 73 171 258 485 213 275 121 321 286 235 129 454 10 65 150 49 334 57 108 450 296 349 198 224 76 177 87 28 373 124 139 35 477
Number of moves: 7086
245 298 347 234 220 130 257 36 161 183 221 201 147 464 339 105 137 354 412 146 300 411 168 132 487 162 363 198 135 380 444 425 430 3 386 269 175 117 287 111 440 44 74 202 261 355 311 306 318 182 91 50 457 383 140 200 405 329 413 259 488 416 59 458 119 211 7 473 5 424 477 266 51 249 205 239 357 14 490 342 381 190 25 153 385 371 293 66 97 289 155 176 156 301 312 384 406 108 423 344 189 1 360 17 8 340 432 398 222 481 150 438 353 459 230 367 445 400 9 30 28 178 428 341 373 450 157 397 195 374 447 460 236 500 277 391 160 144 402 324 247 410 79 320 106 18 181 358 295 152 229 57 83 128 335 404 267 188 302 299 252 248 193 268 331 131 471 429 199 72 24 11 126 352 399 102 376 292 448 110 492 71 468 260 274 21 263 395 420 80 92 104 388 408 489 394 275 13 246 87 215 437 73 237 55 434 141 462 136 223 115 89 114 465 86 204 350 271 308 419 256 116 213 242 4 359 403 84 314 494 82 291 338 196 68 19 456 334 449 103 212 303 217 290 472 454 35 76 42 81 23 254 378 325 326 476 61 278 149 184 370 172 480 163 253 226 309 377 446 265 56 227 158 65 442 470 348 307 191 315 70 392 142 151 316 10 478 122 186 343 16 48 382 422 32 319 98 219 41 281 187 231 174 389 332 463 64 482 322 414 345 364 251 63 327 177 197 145 96 45 29 125 365 94 313 475 255 78 53 52 95 435 159 148 216 285 180 6 69 210 170 49 27 118 192 250 207 387 276 85 272 356 401 282 37 218 283 12 330 15 60 351 67 33 235 328 143 208 107 62 362 467 240 466 43 232 243 75 109 304 337 26 123 433 179 372 369 38 491 225 436 361 407 121 134 474 452 497 279 138 40 258 54 336 461 451 99 171 496 346 262 305 498 20 417 427 393 166 368 203 390 46 349 241 333 238 273 296 47 228 206 101 366 120 194 39 321 495 499 233 483 421 375 270 280 286 379 167 209 139 185 431 485 426 294 288 133 264 297 129 100 113 323 2 439 127 112 93 173 484 31 396 317 418 88 169 469 455 310 441 90 453 164 224 415 124 479 154 244 443 409 22 284 34 58 214 493 77 165 486
Number of moves: 7041
375 193 453 391 337 189 50 395 401 351 73 187 360 365 424 55 455 126 91 481 170 216 416 63 321 1 242 71 165 388 266 384 13 449 218 459 235 105 134 204 45 356 478 316 257 268 43 41 158 26 290 121 377 331 201 423 106 57 62 83 314 362 302 492 195 278 306 109 226 211 389 313 411 132 99 279 25 163 157 47 38 72 82 344 114 9 361 125 379 215 14 392 462 122 53 431 387 49 358 283 482 33 317 221 402 380 85 408 28 251 81 270 294 273 432 348 400 31 254 500 200 272 256 80 476 191 27 100 342 149 417 397 353 222 65 237 127 410 330 236 147 440 75 354 84 190 263 288 412 495 247 267 298 29 258 185 286 168 241 496 491 381 171 138 464 435 324 366 214 454 30 405 323 103 484 421 219 97 88 120 209 59 186 19 419 386 293 474 136 164 467 497 116 178 112 155 307 403 327 443 285 115 479 139 292 437 281 399 477 54 367 108 312 229 118 483 284 96 223 102 161 210 299 66 10 129 470 249 280 142 24 485 67 110 4 11 64 328 60 264 198 35 396 37 357 227 174 192 179 390 341 438 104 373 308 169 260 350 248 329 461 140 426 8 274 255 398 244 297 44 22 233 287 333 117 458 21 304 465 488 393 460 148 322 243 262 452 90 32 334 167 447 490 7 250 124 183 418 409 374 123 175 489 271 498 289 196 137 42 430 282 369 3 414 494 34 318 259 319 442 5 486 469 160 456 145 359 457 119 2 370 212 69 245 347 156 310 296 228 172 345 468 162 422 16 92 444 153 86 382 463 133 472 199 301 420 205 493 473 404 234 246 143 180 425 325 135 406 224 364 252 450 309 20 70 15 253 441 439 372 94 207 58 346 56 232 128 394 265 371 181 93 349 6 213 159 295 275 203 451 487 39 332 300 340 231 12 335 48 141 338 448 220 197 499 208 475 378 238 363 261 415 429 18 176 78 471 445 239 150 339 194 87 446 40 188 355 151 240 74 326 225 68 320 166 130 184 466 269 436 428 95 51 315 113 376 206 277 434 343 433 352 76 427 23 146 336 101 291 368 173 177 303 107 311 79 154 305 111 52 89 383 77 182 385 144 276 131 152 36 413 217 98 202 407 230 61 17 480 46
Number of moves: 7017
75 85 435 162 69 448 217 222 377 392 26 211 364 276 299 86 11 440 380 68 406 100 21 213 335 494 467 45 359 361 239 102 195 238 315 334 29 208 14 6 495 331 224 168 241 193 12 309 228 459 147 42 344 460 487 199 36 386 454 295 395 355 384 306 484 447 468 426 264 183 94 310 145 23 456 253 31 320 204 269 490 97 58 483 60 244 176 189 472 27 148 283 250 263 298 30 476 416 497 369 451 271 32 132 40 84 422 22 333 125 144 54 229 109 119 237 302 304 38 133 444 354 187 389 121 465 139 10 251 411 260 99 178 203 186 64 127 83 307 294 43 70 76 500 326 153 356 339 420 366 438 191 227 173 79 51 115 175 124 93 439 156 218 247 261 461 387 4 450 363 343 486 74 216 226 179 449 122 157 194 348 7 221 405 323 458 5 286 8 417 150 431 61 20 172 225 259 373 41 399 466 114 350 200 328 206 104 107 48 181 13 349 400 353 414 337 220 98 232 313 419 274 267 117 214 303 103 155 234 190 280 111 135 134 317 141 455 215 262 360 201 397 16 485 338 279 66 407 233 365 46 24 345 223 491 9 480 434 165 474 376 81 106 167 55 151 67 15 285 78 443 482 205 492 196 33 479 197 413 126 489 143 396 296 59 423 341 35 340 445 160 88 245 52 50 401 1 457 49 496 383 56 113 166 180 314 385 212 442 312 425 198 378 281 329 101 404 318 346 370 47 182 429 28 231 290 470 357 393 210 327 112 44 478 272 375 116 243 316 92 275 488 131 291 77 105 170 158 446 91 453 161 475 89 130 321 73 379 289 128 352 498 332 388 95 63 62 65 330 252 297 235 142 441 436 308 268 390 469 149 288 184 278 118 371 410 394 138 256 437 324 305 177 471 430 152 164 402 270 325 277 351 292 154 246 432 358 249 19 409 282 137 34 342 174 336 120 452 477 362 185 493 257 403 322 140 266 17 25 171 374 391 242 192 129 427 300 3 240 90 163 72 146 284 96 202 418 424 53 110 37 415 108 382 39 255 367 230 398 287 2 462 473 188 265 207 372 136 433 71 236 87 463 347 421 18 319 301 219 258 368 464 481 428 499 123 408 57 273 412 82 169 311 248 209 254 80 159 381 293
Number of moves: 7304
397 351 76 243 423 137 429 310 93 49 424 265 353 399 154 180 73 400 17 175 336 201 261 172 291 84 309 259 296 233 496 449 1 47 11 23 88 486 102 187 133 426 245 59 371 304 460 10 104 267 169 242 150 369 334 345 489 81 432 96 189 380 281 359 317 379 436 419 208 72 140 467 66 95 113 109 184 165 442 355 209 452 216 478 75 285 103 131 202 26 457 498 34 122 32 333 301 413 191 286 125 375 440 144 283 395 13 162 196 427 314 28 158 342 87 219 3 177 311 244 438 480 60 428 240 20 221 412 181 493 415 377 83 298 203 50 338 62 287 40 325 182 151 91 64 156 186 127 464 313 7 193 275 174 471 114 237 431 343 257 383 370 145 200 384 374 146 469 445 494 80 197 79 119 462 354 167 403 321 107 69 330 92 22 105 288 71 447 348 364 487 136 391 217 86 456 392 37 241 280 444 110 305 411 276 293 90 152 341 231 347 491 24 485 443 405 129 393 51 272 268 274 381 402 8 410 401 484 349 43 495 134 357 278 450 164 12 366 121 312 408 214 425 361 407 63 417 446 500 394 279 178 161 41 147 368 234 130 159 430 239 269 183 228 227 277 390 78 226 322 332 160 170 16 153 195 372 492 168 472 194 437 68 326 111 61 470 29 328 94 188 497 454 294 116 52 385 388 27 230 205 207 143 9 118 139 367 258 483 135 308 54 238 465 396 56 256 98 173 176 215 21 155 329 352 120 474 303 58 263 344 362 290 142 35 252 222 65 198 89 270 266 247 148 190 463 466 4 476 210 350 30 108 273 225 458 82 262 97 213 101 117 99 171 389 292 473 435 14 306 192 132 48 124 499 323 434 126 360 74 5 451 387 386 382 138 166 439 149 36 477 422 223 46 420 106 6 19 100 212 211 55 482 365 2 340 324 42 373 115 57 475 39 289 356 481 85 271 300 358 253 33 337 254 418 77 376 218 53 320 414 163 236 468 123 251 235 204 38 404 264 250 488 295 141 398 179 316 25 297 479 44 18 248 441 448 229 339 490 157 315 307 70 249 206 15 459 45 128 260 409 282 416 453 346 433 421 331 224 112 232 406 318 327 67 378 284 363 461 319 455 302 299 335 199 255 31 246 220 185
Number of moves: 7094
83 202 233 385 266 498 68 240 227 467 399 45 432 448 195 265 267 478 64 55 43 172 56 252 16 447 199 328 204 225 348 362 231 473 208 327 232 275 307 439 115 262 250 108 378 350 125 390 376 253 70 109 413 345 363 209 101 198 118 371 41 164 188 187 184 211 194 415 400 453 183 191 57 94 32 50 239 274 490 324 461 349 303 346 44 423 320 181 14 319 134 129 219 444 33 457 283 20 333 311 116 158 481 367 459 171 66 339 6 491 149 377 406 309 395 393 119 306 383 391 51 476 47 122 405 268 386 15 388 375 128 305 81 53 308 120 365 289 364 139 147 296 226 428 130 25 136 159 185 39 31 215 213 325 402 479 298 229 163 403 234 114 251 100 286 4 357 483 38 438 154 273 277 117 121 278 177 475 394 335 170 200 151 465 316 131 197 210 458 144 150 314 222 5 59 392 419 270 321 19 196 341 138 36 404 86 353 418 480 460 35 49 166 482 351 310 290 370 145 496 214 443 103 318 18 293 249 381 272 462 337 203 280 269 9 369 186 93 141 207 123 421 61 79 356 279 30 60 142 189 218 89 190 323 21 379 228 464 281 382 330 106 10 146 292 161 434 282 42 429 431 352 224 360 410 3 28 313 284 48 456 96 97 317 241 338 173 315 237 380 312 387 98 24 437 255 256 201 243 238 52 417 454 46 54 354 489 326 133 463 75 1 205 247 71 495 401 398 72 2 127 343 427 27 452 132 104 416 384 291 26 445 487 466 433 62 494 408 420 426 178 396 331 372 95 76 477 80 167 425 244 446 22 263 374 449 148 17 63 424 442 155 441 264 469 389 499 300 168 110 359 254 111 276 302 182 152 373 12 157 261 411 366 486 336 143 165 78 288 102 412 82 304 58 112 169 220 140 297 258 107 91 422 135 236 235 414 259 153 355 179 13 113 23 84 87 332 471 436 8 301 361 397 500 175 470 126 230 85 124 11 409 440 212 435 455 474 40 90 430 497 450 176 340 92 242 485 484 299 217 193 329 287 216 206 407 223 34 492 271 37 162 257 334 74 77 285 322 368 347 99 358 221 88 160 105 69 468 295 294 342 488 260 137 344 65 472 180 493 156 192 246 174 451 29 248 7 245 67 73
Number of moves: 7028
218 351 151 274 41 248 90 343 395 421 33 458 486 367 36 257 310 123 244 493 384 128 254 370 223 233 63 14 126 209 334 168 283 498 79 231 407 410 443 403 392 459 232 188 24 376 150 75 454 112 144 174 472 50 337 189 327 85 32 476 10 26 304 250 149 154 326 93 405 185 4 500 213 473 241 272 125 261 224 5 469 441 427 247 61 106 324 293 181 68 346 228 416 264 28 390 217 59 9 340 20 385 397 179 363 165 135 203 141 249 67 302 325 408 256 89 286 460 298 368 345 290 278 399 145 319 169 262 236 120 178 131 155 52 216 17 447 417 114 208 37 142 485 194 115 212 478 423 16 311 94 317 280 338 429 490 148 470 308 103 396 143 147 305 426 282 108 113 76 288 452 246 192 497 111 321 432 296 464 227 471 373 239 211 84 73 139 400 466 294 35 207 291 258 295 57 96 19 269 487 491 226 55 7 481 161 88 21 344 166 11 482 329 38 71 101 229 468 40 492 49 27 349 352 387 306 449 60 253 44 187 413 215 97 118 331 461 219 70 164 312 46 323 230 276 425 117 196 152 348 467 313 406 273 206 315 419 360 380 265 379 374 129 488 160 252 353 186 342 494 435 270 301 99 307 411 354 393 440 365 289 371 483 134 240 394 156 221 414 82 66 56 251 428 182 124 235 404 136 210 431 347 336 320 284 157 398 420 133 64 358 357 153 369 107 386 496 22 158 184 372 266 409 418 463 297 436 51 183 1 78 15 29 137 437 275 450 162 303 205 495 279 259 277 220 333 170 122 191 195 389 8 83 92 322 31 300 201 91 330 362 455 359 177 132 377 457 6 412 87 260 100 25 316 69 434 361 200 242 453 2 328 72 109 451 62 12 193 140 424 401 225 121 190 171 34 54 341 163 465 364 222 388 42 234 86 175 402 214 267 438 480 355 318 292 77 430 332 299 180 127 335 39 243 204 58 439 442 23 422 263 13 237 350 339 65 48 287 197 30 391 499 104 43 309 462 138 245 375 382 378 446 199 456 285 479 475 238 167 383 105 381 198 110 445 74 159 433 314 45 172 268 116 255 47 474 98 271 102 119 415 484 448 366 80 477 202 356 53 3 95 130 444 173 281 18 176 81 146 489
Number of moves: 7053
180 386 90 496 317 354 96 65 123 387 110 42 489 52 12 396 305 451 364 312 217 370 325 78 392 263 437 427 490 368 261 168 68 349 292 106 361 303 151 206 315 73 465 455 153 265 144 301 310 438 439 183 302 19 471 109 433 41 300 454 252 76 277 389 493 244 30 247 483 351 5 132 85 340 49 453 492 306 481 488 198 224 21 242 255 62 193 326 145 46 175 431 95 232 215 165 264 89 127 356 213 137 313 423 472 419 445 405 63 239 136 420 410 197 154 322 430 84 135 414 380 321 469 486 464 225 203 28 272 297 283 119 191 199 177 407 111 171 288 369 97 362 238 446 11 304 130 240 341 494 235 29 480 39 463 64 61 461 26 210 281 390 146 114 422 372 352 221 485 251 38 363 402 214 229 56 16 59 35 186 324 378 447 8 131 376 295 309 289 327 320 80 192 416 495 143 400 116 18 98 409 195 188 241 157 246 185 342 7 231 122 69 31 408 223 184 164 329 147 79 17 468 358 366 477 434 457 237 20 335 385 83 500 347 105 487 428 245 458 163 100 307 108 174 294 393 456 330 350 219 334 67 266 274 162 260 91 208 9 280 269 308 120 298 418 60 499 332 466 384 282 425 170 491 25 328 94 43 181 291 388 134 233 339 129 279 103 125 121 316 475 124 476 150 159 381 178 360 367 148 394 345 286 32 66 271 161 226 77 218 44 470 33 169 432 399 270 365 212 436 140 284 4 24 319 204 158 276 278 258 415 172 417 429 452 71 138 262 290 228 50 142 357 371 167 497 37 99 133 336 194 54 47 373 34 48 375 36 156 268 227 72 395 236 216 190 484 107 81 273 353 474 440 397 139 209 248 58 15 299 318 467 426 55 482 478 205 141 459 256 412 348 443 343 102 187 379 382 88 230 53 479 444 311 10 128 182 355 92 27 450 207 498 377 51 293 70 200 222 442 23 189 113 449 253 13 406 166 323 249 344 115 391 149 275 6 101 331 473 82 411 314 250 435 398 296 45 112 1 3 404 462 173 211 285 57 448 86 401 40 441 74 14 118 374 421 176 104 254 259 337 93 220 75 87 403 196 257 126 424 383 333 160 346 234 338 359 267 202 201 117 460 287 2 179 22 413 243 155 152
Number of moves: 7016
370 467 213 301 195 190 115 348 171 25 438 219 269 352 341 6 208 81 253 265 207 453 189 188 215 376 65 227 292 494 334 160 395 87 425 141 182 280 322 163 344 39 197 211 18 282 496 260 366 11 500 383 178 342 287 221 69 98 3 55 239 437 68 73 86 439 330 201 299 466 401 146 107 176 116 27 369 50 362 321 371 24 162 231 129 41 310 493 382 224 328 375 273 339 309 406 475 72 315 94 13 271 449 147 473 2 440 70 327 177 158 358 230 306 154 205 92 451 431 294 185 16 434 156 378 272 359 124 109 235 418 422 247 108 137 136 31 118 165 373 262 349 444 415 140 66 175 135 229 479 99 234 381 216 167 237 281 350 305 62 405 134 356 368 54 19 148 106 145 297 311 150 257 325 457 478 468 126 387 28 390 307 10 155 343 256 490 22 96 346 386 204 49 424 450 193 84 33 75 128 223 93 389 331 400 170 35 258 380 125 404 53 23 74 360 71 88 432 423 259 264 40 303 398 139 127 45 320 117 277 471 161 461 236 293 1 64 240 298 63 441 102 233 174 42 483 157 442 452 323 261 85 377 251 399 142 385 82 97 392 267 436 337 274 499 318 144 329 394 184 459 218 20 119 263 487 417 51 58 30 481 435 367 179 363 61 181 410 238 166 463 485 416 455 232 169 220 123 245 173 357 476 37 32 419 121 472 206 497 283 460 319 252 12 7 351 454 312 338 36 56 470 393 48 14 34 95 8 78 15 355 133 284 172 153 209 411 59 391 286 246 427 484 412 495 316 443 384 217 110 26 477 295 335 353 482 4 52 480 396 183 486 222 361 111 149 79 101 187 152 242 122 279 345 474 428 89 143 408 57 313 212 5 340 365 326 103 314 409 60 413 458 100 44 202 491 9 278 364 317 210 402 304 67 270 83 302 243 138 17 426 159 446 403 254 489 47 203 354 347 324 421 198 333 76 498 397 414 199 268 289 38 291 77 112 275 447 225 290 407 180 131 186 285 336 464 308 104 105 191 196 29 430 433 113 151 168 130 241 250 132 288 80 46 448 266 226 21 200 296 429 114 91 456 469 445 300 462 248 244 192 120 255 372 465 43 420 194 492 488 276 379 374 90 332 249 388 214 164 228
Number of moves: 7091
246 58 44 447 71 375 420 398 243 41 170 96 198 474 106 120 483 164 396 153 457 400 118 168 442 283 352 11 70 364 207 277 330 431 371 363 137 349 42 110 441 216 188 232 290 267 196 222 343 1 478 238 15 239 80 367 7 425 322 359 287 176 392 362 21 56 491 203 462 233 466 179 416 186 309 163 99 335 86 339 497 451 401 427 95 304 294 357 433 235 336 469 312 220 145 452 180 340 393 116 366 251 38 389 250 473 307 62 229 117 190 440 454 259 24 75 281 202 411 488 252 212 410 81 424 83 430 28 74 10 122 12 149 406 197 282 348 189 459 327 296 206 390 444 409 266 494 485 439 360 29 142 138 391 273 148 79 102 403 337 394 161 500 468 185 200 17 249 256 47 175 87 258 182 331 155 228 100 165 402 64 124 136 242 490 57 297 470 255 293 5 98 460 115 73 158 219 487 76 446 358 132 141 241 405 93 123 434 373 328 51 265 316 13 280 338 479 484 144 210 157 177 67 334 302 458 374 223 306 194 477 289 378 496 380 225 245 236 269 129 381 288 418 333 184 193 172 48 94 40 408 26 31 453 131 344 382 150 298 476 384 305 422 279 152 467 347 125 244 317 321 135 443 126 489 14 27 355 254 286 52 63 121 318 295 361 199 397 119 162 230 143 301 377 231 178 423 395 30 46 39 272 4 342 412 300 345 101 140 465 55 49 35 154 109 214 174 69 23 449 204 386 237 18 166 421 77 376 82 276 147 192 130 91 257 97 85 111 407 114 53 299 275 227 108 217 314 324 65 417 54 8 90 482 492 450 167 156 320 271 353 37 173 209 461 221 329 428 346 370 311 201 226 19 72 104 351 445 113 432 464 215 248 399 134 260 413 313 191 171 284 187 208 61 78 88 253 323 60 332 419 368 261 160 481 112 50 292 2 107 436 146 354 463 25 319 310 456 205 270 438 105 263 3 315 32 404 211 471 159 34 195 89 133 213 240 183 472 486 234 435 45 33 414 84 22 285 268 365 356 169 437 455 278 495 247 68 341 480 264 325 20 218 262 350 385 415 383 127 387 6 139 92 151 369 493 9 66 379 16 388 224 372 274 303 426 429 308 498 499 326 43 36 181 128 59 291 103 475 448
Number of moves: 7108
262 90 211 5 177 350 130 309 197 52 317 93 426 172 244 404 60 176 305 344 36 328 422 246 372 243 227 268 272 315 229 200 499 358 440 250 400 39 436 311 168 322 120 332 288 155 437 472 248 273 151 17 47 221 182 464 37 63 491 160 127 6 421 257 74 493 337 412 385 122 13 282 97 65 367 303 341 235 420 219 293 131 290 206 208 241 29 496 109 453 368 433 345 174 38 137 323 62 435 399 8 139 307 59 234 210 331 157 475 500 141 80 269 50 326 32 281 373 223 149 242 134 113 51 297 391 264 489 163 225 271 476 306 129 19 81 64 4 69 42 457 18 85 263 333 66 236 466 361 468 463 240 462 1 196 105 228 209 411 233 192 318 14 26 398 265 114 336 144 125 33 320 413 88 253 448 145 289 278 95 249 393 405 434 252 110 304 121 116 363 299 98 431 474 46 382 284 7 424 169 383 135 79 446 334 418 58 381 447 428 495 115 34 27 319 207 161 351 355 153 22 425 449 427 302 324 429 430 100 54 366 76 12 173 395 245 220 330 485 104 283 128 260 401 347 142 53 30 86 185 371 279 72 102 270 397 349 343 442 266 340 132 276 204 362 321 467 16 55 390 107 415 87 352 327 389 461 419 203 123 490 370 188 186 162 159 394 2 441 298 170 364 388 20 213 15 402 21 237 256 28 255 205 488 286 167 67 314 191 410 71 73 158 140 403 301 198 212 380 35 261 92 57 201 106 10 455 138 181 45 356 230 353 312 338 126 450 360 9 348 78 44 416 477 218 24 124 374 439 384 460 133 409 152 494 310 339 11 96 25 214 231 118 287 458 417 408 101 497 277 346 75 117 335 224 183 238 202 387 216 469 103 180 274 378 459 56 313 175 108 376 486 414 484 31 386 292 473 471 89 357 147 392 470 146 150 294 226 296 239 354 329 91 119 295 49 481 165 365 438 247 68 189 217 456 443 452 199 166 77 184 432 171 40 479 483 482 111 156 300 84 61 232 407 222 164 375 148 82 487 3 359 423 136 48 143 193 291 70 445 99 316 94 480 215 308 251 259 342 492 179 325 454 254 178 406 444 23 451 275 369 195 43 478 377 154 285 379 190 267 396 41 187 194 258 83 498 280 465 112
Number of moves: 7115
403 192 326 236 324 310 67 457 373 87 109 398 448 355 278 462 130 343 397 298 463 128 33 291 425 66 482 304 12 483 15 189 369 383 145 465 276 125 201 71 196 254 384 165 436 309 489 149 487 347 413 160 45 185 218 200 86 55 452 312 432 163 1 151 431 323 102 140 207 345 193 269 11 24 18 447 299 126 176 464 214 113 417 391 444 281 493 238 198 486 150 405 8 48 210 401 374 404 496 107 73 70 280 296 392 50 279 223 386 147 221 261 381 267 367 277 361 157 105 181 119 239 32 164 246 335 390 478 456 79 213 469 46 172 497 300 231 111 426 155 439 389 117 5 204 129 460 215 81 28 307 98 498 27 375 249 143 191 459 245 325 380 244 68 114 338 400 131 454 122 112 481 76 435 371 399 52 262 234 453 40 242 153 222 328 96 475 301 357 427 247 44 420 414 121 26 484 184 82 287 51 372 253 353 205 348 237 159 30 167 162 286 329 455 446 64 173 146 492 92 396 216 35 428 161 25 17 407 134 168 4 89 362 37 251 485 376 90 320 264 494 10 80 225 171 472 91 402 395 186 318 250 13 370 360 54 179 36 297 21 364 438 138 322 243 473 479 195 148 429 152 470 232 177 377 275 421 305 468 330 220 260 271 306 212 235 42 93 135 182 461 314 450 283 441 137 2 240 19 69 53 23 346 202 59 75 451 226 158 339 127 60 491 477 120 16 187 331 352 337 341 39 349 284 104 379 434 274 265 266 65 437 110 62 500 29 9 188 56 351 72 333 183 99 124 132 116 241 406 423 139 342 466 445 142 178 229 206 290 378 6 133 366 20 209 350 31 419 334 180 141 316 321 410 411 228 458 480 317 101 467 368 393 156 412 272 488 94 84 385 77 255 115 295 22 270 227 47 258 256 194 74 174 170 88 424 308 252 78 203 273 3 224 387 123 263 100 41 440 7 474 97 259 49 499 85 211 415 354 83 166 175 388 282 359 340 233 57 14 443 63 248 217 365 293 38 294 433 358 230 363 422 106 313 471 199 430 418 490 58 382 268 154 289 208 197 103 336 311 285 356 190 344 409 327 108 416 288 257 442 394 408 292 476 319 34 449 95 118 302 315 332 43 136 219 61 303 495 169 144
Number of moves: 7170
430 164 213 324 329 20 250 253 278 265 13 73 291 228 161 111 29 205 487 274 110 262 285 234 305 159 374 499 358 338 490 10 423 214 446 444 241 171 2 328 4 344 491 435 187 448 57 319 292 151 37 298 483 108 295 281 492 370 49 56 371 350 157 124 379 30 343 84 55 136 246 380 135 80 160 363 69 433 103 385 147 396 27 309 236 457 97 46 222 105 193 44 376 475 12 422 271 230 340 356 333 488 426 32 266 384 391 361 255 359 211 311 17 58 7 233 229 402 306 226 88 28 437 303 94 421 270 489 34 149 81 438 131 249 469 417 11 122 175 312 87 140 294 25 5 308 496 476 77 116 428 186 176 409 341 419 418 145 280 478 167 252 353 288 189 102 134 304 216 104 98 207 23 368 9 279 485 45 61 381 355 191 348 377 219 66 411 349 375 461 190 351 357 41 425 414 172 261 185 256 31 244 296 318 39 137 420 78 198 315 195 199 471 223 155 486 169 293 232 251 150 65 336 132 144 170 197 114 387 477 314 120 85 54 258 369 48 407 224 383 405 388 202 152 339 86 365 443 322 180 72 434 18 238 64 313 484 473 142 1 188 36 399 91 463 472 395 179 415 247 300 215 277 220 209 129 317 412 397 321 112 40 393 119 106 21 52 334 386 416 100 464 390 196 181 50 297 264 243 123 51 389 156 451 218 74 14 63 204 276 192 259 436 260 408 128 8 24 43 372 439 239 455 22 404 242 449 275 481 445 115 352 498 227 403 460 240 101 75 325 299 345 427 19 70 154 310 67 245 96 453 450 327 79 35 117 139 126 76 146 360 201 366 342 497 178 212 429 495 248 479 235 302 272 331 60 470 38 431 92 346 452 273 6 440 364 480 493 33 330 148 3 424 398 482 458 113 454 183 468 320 83 467 354 99 326 15 121 432 254 378 59 53 335 301 26 165 62 109 459 225 16 138 166 133 182 474 203 286 125 221 162 394 47 210 456 323 130 268 173 168 107 441 174 282 410 263 153 373 143 401 141 237 90 257 382 269 466 42 465 200 184 208 68 118 127 462 347 494 316 332 500 194 287 206 283 400 290 82 177 289 337 447 413 231 392 307 95 158 442 406 93 163 284 71 217 362 267 89 367
Number of moves: 7067
372 282 172 439 84 136 114 492 353 233 122 78 318 195 228 4 258 91 382 369 77 416 39 237 190 288 55 367 472 61 214 201 47 467 204 244 430 108 263 315 398 113 500 230 456 385 452 408 34 463 482 281 236 365 469 67 193 23 17 235 13 331 137 268 170 449 133 407 16 340 209 181 222 163 156 272 270 12 246 64 27 101 216 171 187 71 148 363 324 289 158 223 51 373 337 36 20 400 152 426 495 336 243 119 283 74 43 37 54 303 240 442 103 260 332 386 135 415 245 56 275 422 389 409 427 9 68 19 325 379 197 117 215 191 165 141 192 70 262 226 362 391 273 387 124 461 213 196 177 446 334 115 176 232 432 89 339 488 460 366 162 274 11 184 300 431 296 473 375 116 169 388 412 368 29 343 107 142 254 451 123 185 83 278 97 390 311 302 330 59 458 183 499 138 227 286 80 167 207 487 40 364 453 349 2 41 401 188 7 374 429 121 75 179 323 306 73 143 229 447 384 211 377 178 95 102 149 397 85 104 76 317 313 249 92 14 153 468 175 58 212 276 383 154 44 218 410 182 493 496 354 287 82 395 8 21 161 359 285 120 266 394 247 168 424 357 405 271 224 252 131 356 291 250 31 128 164 79 293 217 491 150 376 380 378 261 280 130 112 202 441 457 174 309 205 24 351 139 450 125 328 335 231 57 494 420 94 199 210 269 134 267 144 99 480 396 483 45 90 342 310 312 307 294 498 418 298 96 292 322 49 462 381 399 423 219 238 256 348 327 433 15 32 234 60 437 253 239 445 42 160 392 35 5 490 284 145 370 63 66 465 338 436 33 52 295 444 200 81 484 434 299 329 110 346 159 344 53 371 326 166 28 403 459 100 443 264 352 474 132 486 65 186 69 72 206 251 88 321 360 111 350 476 479 448 277 22 301 26 151 155 3 279 393 471 466 428 320 475 308 440 297 46 48 259 489 109 146 189 485 341 470 6 198 220 404 361 455 194 255 86 414 10 347 454 1 402 140 25 421 173 319 106 50 225 304 411 180 126 221 62 358 208 18 438 147 419 477 316 265 105 127 129 355 413 305 38 93 417 157 481 257 290 203 435 497 478 345 406 333 248 242 314 425 241 464 118 87 98 30
Number of moves: 7050
74 331 23 132 171 25 109 372 427 107 476 322 147 215 273 200 335 285 269 124 117 225 437 143 46 236 380 278 323 456 494 375 52 85 439 398 447 122 354 53 377 218 262 475 407 186 364 305 1 142 17 68 151 213 181 77 350 404 383 172 299 31 481 113 244 65 60 396 291 90 14 296 220 264 150 58 170 199 453 345 344 34 24 366 118 462 173 12 93 192 355 485 205 284 470 387 226 315 435 248 346 308 70 33 10 357 392 29 332 111 312 40 469 256 229 370 152 381 466 195 7 56 217 341 247 106 211 358 267 474 254 76 21 20 153 178 18 209 38 438 190 448 245 103 146 297 408 411 84 326 179 457 155 98 81 214 88 97 112 452 280 423 458 127 139 15 477 327 120 409 157 102 252 318 271 378 37 57 362 283 49 39 294 288 498 257 180 433 166 249 336 333 3 136 397 443 339 230 405 261 41 424 307 235 342 337 479 207 94 242 351 145 26 158 163 100 198 422 391 8 208 310 108 191 473 83 96 48 128 219 499 365 156 445 30 401 441 428 263 222 450 231 359 95 289 148 16 130 385 133 313 19 75 399 204 426 175 491 125 379 418 376 430 287 11 183 434 131 480 159 67 223 9 233 101 369 123 138 182 240 393 413 412 61 212 42 314 4 119 290 89 210 277 193 360 500 347 490 32 302 228 487 361 403 309 492 251 301 330 188 176 255 384 390 259 497 386 165 237 446 59 292 406 69 325 402 221 78 91 187 66 55 348 202 194 465 196 162 2 389 6 64 134 250 87 320 431 303 246 388 352 368 92 126 319 482 281 472 206 461 104 71 114 282 169 451 420 367 253 363 306 371 300 105 324 22 436 227 232 304 328 417 79 141 258 174 416 177 160 410 161 432 265 495 44 62 80 243 286 47 149 340 270 137 168 129 272 35 463 329 50 260 471 489 395 444 440 86 36 349 484 493 400 45 203 429 185 82 483 486 459 415 54 298 184 167 5 115 121 43 311 454 28 238 334 394 276 72 27 135 382 295 464 63 110 373 234 274 478 414 317 421 455 266 116 144 275 189 197 353 216 442 316 488 99 374 241 425 164 356 13 279 51 496 268 73 449 224 154 140 293 460 467 343 419 338 201 239 468 321
Number of moves: 7250
331 313 448 11 451 14 403 166 138 203 117 318 86 360 429 91 33 439 132 333 31 58 293 465 242 347 393 28 17 226 198 23 289 486 27 350 152 51 37 241 453 219 482 3 139 191 345 173 388 123 488 319 21 171 381 102 458 154 377 372 158 108 110 400 182 186 297 195 437 335 329 164 330 445 460 258 378 216 396 382 167 355 187 210 312 467 124 1 177 93 146 230 366 50 316 368 327 389 75 284 68 56 379 420 192 413 120 477 61 263 170 172 65 474 2 142 151 371 317 352 76 468 119 341 356 106 163 259 85 121 248 452 431 196 363 462 342 254 42 153 169 16 233 390 339 459 81 128 425 208 137 495 424 288 190 473 184 394 265 479 338 212 255 213 44 270 176 240 43 66 490 10 38 483 109 340 148 90 126 476 185 250 39 432 104 295 307 375 322 370 336 211 315 103 48 457 299 444 404 252 266 174 87 402 290 294 97 422 232 249 442 456 364 53 309 383 77 407 300 52 199 202 385 140 228 96 46 40 73 359 450 7 292 206 410 82 419 157 9 398 236 72 466 409 247 376 147 408 306 98 446 224 256 111 499 156 118 253 94 461 205 135 245 168 49 24 26 246 343 264 25 69 36 423 470 357 223 279 34 100 278 298 225 74 365 13 79 405 155 302 41 358 141 308 282 311 150 57 260 165 70 472 133 115 301 314 387 475 291 114 489 411 220 277 112 326 18 4 62 88 229 267 127 463 487 235 395 494 353 480 194 47 283 231 280 417 201 346 344 269 428 262 399 281 491 325 45 101 78 5 436 285 136 406 496 180 434 373 386 426 189 392 243 296 303 179 421 276 362 349 215 397 183 162 239 175 275 427 337 143 67 464 218 374 354 384 193 63 89 12 380 304 454 71 122 221 328 273 367 351 20 438 500 478 361 131 274 492 441 181 178 125 412 469 144 257 497 433 391 447 305 145 271 471 8 323 59 332 55 209 244 116 19 107 321 418 80 261 449 348 92 310 481 159 443 99 188 401 35 238 214 334 222 32 415 227 60 130 484 207 197 414 15 30 287 6 200 455 149 268 493 286 83 234 217 204 54 369 435 22 237 64 105 129 134 498 320 272 430 440 95 160 161 324 113 485 251 416 84 29
Number of moves: 7020
24 16 415 197 122 2 308 401 497 22 320 138 9 363 463 131 381 453 386 490 456 152 149 90 192 168 66 92 452 132 469 238 263 3 339 416 330 110 242 14 200 27 71 269 351 186 98 496 13 25 57 176 331 397 150 202 284 220 281 55 241 277 194 446 413 161 82 290 378 225 118 211 367 334 477 41 89 266 164 154 347 222 300 199 420 295 410 148 286 460 312 468 400 172 474 309 451 439 313 259 472 475 344 396 438 117 272 240 67 306 187 304 466 250 403 219 201 228 425 450 212 112 142 209 159 257 417 173 114 274 64 356 86 486 207 260 247 87 462 196 358 43 70 215 113 237 315 273 354 500 258 141 157 7 180 76 418 393 459 283 404 398 431 424 101 174 291 163 365 406 317 261 95 134 254 204 144 430 285 366 11 345 1 484 217 42 324 368 47 375 349 244 355 143 376 332 287 288 428 136 342 103 183 282 377 467 447 442 483 435 210 372 124 184 108 162 231 84 327 166 116 39 471 208 245 178 59 458 73 224 4 30 443 470 147 319 426 233 267 326 10 239 488 88 33 419 213 373 195 409 389 96 357 223 271 387 385 301 226 81 104 498 146 348 445 48 221 371 421 270 23 34 454 464 476 252 340 482 289 75 380 321 311 360 492 325 218 465 489 323 91 422 51 127 305 296 248 44 455 83 457 234 53 338 115 189 414 165 314 278 412 46 379 434 167 262 494 423 390 436 352 38 399 362 318 169 62 329 20 493 181 170 491 383 32 77 28 175 249 364 251 135 230 63 107 353 58 216 78 280 140 479 437 449 179 190 402 158 120 80 336 191 203 328 126 303 392 85 294 405 5 335 487 370 106 36 29 481 429 40 188 17 343 35 232 61 229 275 205 307 243 93 473 256 133 37 432 19 60 297 129 119 121 105 72 8 480 346 123 100 388 69 322 441 6 374 478 236 79 109 350 153 448 333 227 125 21 12 74 440 485 102 495 310 411 359 361 391 99 369 395 253 384 130 499 298 407 268 111 292 276 293 18 337 177 171 56 316 94 31 65 137 54 97 52 49 408 206 461 427 50 299 235 198 185 155 182 160 341 15 444 265 394 26 214 433 139 128 145 264 302 382 255 279 193 45 156 246 68 151
Number of moves: 7237
393 113 352 421 432 490 150 179 212 55 144 155 139 362 412 459 9 477 334 483 93 321 215 46 317 469 197 182 277 436 405 335 300 449 298 278 214 132 183 372 311 23 496 463 43 284 119 328 271 108 222 479 12 122 27 44 213 69 190 384 373 216 450 2 78 499 275 254 378 494 288 381 22 402 324 210 252 434 438 193 466 40 359 196 371 166 411 50 226 276 173 33 112 164 42 295 306 369 257 177 475 230 36 206 218 386 354 126 259 439 248 437 83 453 305 121 146 120 376 417 473 454 319 58 425 435 131 488 375 289 152 207 159 472 79 329 52 500 250 390 106 495 154 338 85 461 492 395 344 409 313 195 125 7 25 286 56 74 70 365 350 374 285 431 143 474 309 82 456 32 180 426 419 360 138 194 170 342 134 310 175 357 485 201 279 104 249 497 327 403 410 188 233 486 66 493 258 396 235 322 67 103 270 148 151 77 59 253 245 423 330 111 367 368 414 291 422 443 53 336 349 462 116 110 420 96 184 491 205 92 127 471 323 149 268 156 62 165 302 130 162 29 361 382 290 424 428 186 97 199 102 26 147 458 174 392 325 94 326 484 251 16 332 124 98 87 281 8 163 447 415 464 63 304 117 140 442 88 57 229 91 158 161 312 4 3 236 301 141 115 105 399 315 211 81 487 318 89 407 348 135 129 476 398 76 274 379 137 429 264 255 114 171 241 18 408 41 160 200 391 239 358 24 153 31 71 17 243 441 282 167 20 364 68 204 247 219 394 446 331 1 283 256 498 189 107 242 370 303 35 221 240 294 84 227 262 299 314 272 232 30 413 178 246 238 468 133 480 383 136 172 482 80 445 185 337 308 54 5 109 123 21 176 345 145 366 6 433 244 273 260 198 14 45 234 95 457 478 356 452 316 61 263 99 296 15 400 225 427 385 72 220 460 208 406 465 142 418 346 203 387 430 451 455 470 169 118 19 28 307 231 388 261 47 100 237 13 416 389 168 39 266 48 86 10 448 11 404 287 209 401 65 297 191 90 192 265 267 489 128 347 380 351 481 51 73 280 343 397 292 467 34 339 269 377 217 355 293 341 223 101 440 38 363 320 202 60 157 340 224 75 228 444 64 49 353 37 333 181 187
Number of moves: 7022
96 64 240 118 29 483 252 153 500 203 355 30 247 178 70 63 400 85 40 8 435 425 134 234 165 24 129 261 318 362 374 344 484 39 28 197 459 449 478 37 3 31 291 176 293 359 396 258 267 113 330 174 150 237 493 38 395 276 19 389 141 202 111 410 278 230 143 294 411 302 394 223 360 120 16 343 307 290 473 20 353 349 451 467 441 281 186 382 286 266 393 324 199 351 214 426 430 48 475 257 23 254 316 193 200 220 306 227 301 139 471 132 262 402 244 364 191 388 373 418 110 231 77 88 144 148 163 235 218 392 468 201 116 251 133 497 183 53 67 94 36 229 366 303 81 498 370 462 145 384 367 22 335 421 123 380 491 279 460 407 106 295 32 21 108 401 151 450 440 485 15 170 14 238 100 428 413 159 142 372 221 423 179 354 89 66 329 152 479 212 339 325 424 472 169 321 275 358 399 57 466 308 65 383 10 71 406 86 47 436 470 443 239 97 323 126 155 499 398 168 49 481 109 345 233 82 228 391 27 452 177 26 79 304 157 17 80 211 420 241 194 13 224 397 313 412 487 300 33 217 102 297 61 60 160 46 50 184 136 122 442 489 433 422 83 390 2 263 243 75 162 368 272 115 225 34 270 371 84 175 124 73 488 333 12 45 334 495 131 195 455 250 408 469 474 222 219 190 248 59 448 365 154 147 463 476 379 125 347 130 492 172 128 76 90 164 213 445 453 11 192 311 446 72 287 232 107 242 207 288 482 91 5 444 284 112 140 348 274 477 264 437 137 431 320 376 296 55 161 289 204 350 438 381 171 146 210 314 403 338 209 319 357 310 336 315 385 454 69 166 114 149 378 68 117 215 496 405 18 78 7 432 265 1 245 268 416 259 180 216 340 409 208 101 332 173 458 386 127 205 43 309 249 187 457 387 189 206 95 346 138 377 121 6 419 464 480 282 417 119 494 135 58 182 42 328 158 283 35 98 93 271 461 490 269 255 331 456 99 427 4 447 185 317 105 415 56 256 54 292 439 196 9 312 305 356 260 486 253 361 404 277 352 434 375 226 62 246 337 465 92 104 273 198 236 51 41 280 25 414 44 429 326 342 181 298 74 285 327 87 188 341 167 363 103 322 369 52 299 156
Number of moves: 7007
127 210 68 108 292 73 69 401 343 372 461 296 222 200 161 122 467 9 139 462 57 125 81 425 331 67 322 239 345 119 429 385 307 358 485 191 225 275 376 207 206 280 231 367 214 308 97 290 288 274 315 424 381 360 226 183 175 457 484 442 63 410 454 426 408 341 77 55 248 58 117 93 313 383 156 365 498 455 184 470 176 33 193 79 62 459 162 151 16 411 379 302 399 190 269 236 150 328 469 160 253 418 221 102 188 208 432 146 299 129 165 387 112 491 78 353 37 47 463 232 140 422 448 205 370 42 31 402 264 29 412 332 143 348 346 278 83 464 202 224 468 396 300 85 497 217 500 13 474 70 194 362 101 6 256 213 28 219 22 354 298 340 441 44 393 357 309 310 237 234 86 356 54 317 147 158 197 352 41 294 446 427 287 283 40 406 49 110 400 84 261 132 320 113 330 171 445 490 24 130 120 164 477 391 444 471 301 415 403 407 95 249 64 56 488 339 421 487 135 395 479 30 34 258 50 414 443 329 201 21 314 18 23 72 321 61 439 436 483 141 351 476 124 493 373 480 89 109 155 482 87 389 371 394 466 76 12 481 199 181 60 26 369 324 259 361 254 495 241 204 126 388 244 80 154 230 335 265 250 65 166 434 465 297 152 347 27 196 180 211 220 255 245 282 14 45 218 325 273 405 246 100 440 227 104 486 499 5 306 238 364 216 182 115 136 15 337 342 350 291 336 430 88 167 404 32 344 52 316 121 419 51 98 494 478 2 59 8 349 185 303 270 460 223 390 111 187 382 257 39 333 475 453 1 272 144 416 473 233 195 186 74 363 431 386 251 116 90 417 229 114 107 137 203 142 133 260 123 10 378 19 228 271 374 192 375 148 145 99 323 66 392 215 75 355 262 43 131 168 451 318 326 174 46 263 4 435 398 134 458 242 172 118 413 170 106 138 179 277 212 252 305 20 105 71 276 36 94 53 3 178 267 128 447 279 169 17 153 295 420 380 409 377 359 293 96 368 266 311 304 7 92 423 286 456 82 334 38 281 285 149 284 163 209 492 103 189 449 198 48 247 312 452 235 450 428 243 240 472 327 289 338 173 433 157 384 366 11 35 438 268 437 397 319 496 489 177 25 159 91
Number of moves: 7351
207 349 230 193 7 223 19 181 150 66 163 80 310 283 119 314 164 374 201 122 496 461 222 29 338 44 83 208 36 91 185 298 1 467 460 258 318 78 117 81 421 23 487 127 143 469 42 151 162 334 116 473 142 434 250 296 43 368 277 169 274 220 357 457 200 115 361 396 2 483 139 350 48 224 147 367 21 499 356 402 281 55 71 430 458 453 491 32 294 202 466 195 442 410 217 161 158 275 413 311 455 403 423 51 305 422 485 284 15 145 165 90 390 331 252 307 54 95 62 107 288 67 351 271 416 137 363 428 104 87 489 358 353 39 433 395 229 198 465 352 218 101 411 170 148 149 206 397 308 400 405 247 385 306 297 286 214 393 425 366 125 346 344 160 340 63 167 98 24 261 70 386 134 399 394 3 9 317 138 388 126 381 472 443 84 492 348 454 398 123 401 41 47 168 343 204 130 333 341 418 354 404 6 321 94 27 28 295 205 272 439 450 74 431 65 380 113 362 61 129 240 216 468 5 409 118 99 342 476 263 173 196 257 255 20 424 479 30 215 194 330 186 470 219 246 237 389 444 77 132 75 438 182 177 190 264 82 436 387 406 370 120 57 262 382 103 475 17 179 408 384 249 494 225 236 323 375 417 429 484 268 372 31 373 228 188 238 140 267 335 371 266 419 26 128 110 490 40 248 478 100 166 477 52 329 412 88 38 391 365 141 364 497 203 287 72 420 18 234 210 290 462 259 322 37 273 155 152 315 35 60 34 345 383 197 279 124 347 176 282 92 325 108 464 253 45 378 4 46 133 22 16 339 154 313 278 159 359 441 212 144 309 432 332 69 376 183 11 79 486 445 58 448 239 96 189 192 175 245 415 135 121 243 231 114 299 493 482 459 226 106 312 280 474 379 495 199 86 498 369 33 187 53 235 56 463 112 59 304 440 209 293 12 109 269 319 355 172 320 49 68 291 131 184 153 500 191 174 102 328 156 180 50 446 324 451 260 73 136 303 300 285 427 111 449 232 488 233 435 171 146 13 97 85 426 227 414 242 64 337 221 10 241 76 437 326 89 336 211 327 256 360 265 392 456 316 407 377 244 452 471 105 93 292 276 447 8 302 251 213 270 157 178 14 289 481 25 480 301 254
Number of moves: 7191
175 276 241 271 335 21 216 329 192 177 54 322 293 205 282 119 425 207 358 451 87 397 340 374 500 390 287 470 363 214 356 481 238 277 71 380 283 339 395 50 163 352 61 494 372 449 365 459 314 189 255 422 209 461 291 129 11 273 294 419 375 305 382 5 15 184 226 341 140 62 151 220 98 168 378 245 114 30 443 118 63 109 393 107 145 284 106 120 17 439 386 182 144 302 37 465 407 227 68 354 100 75 239 438 370 415 266 399 38 178 278 22 431 83 301 447 413 18 274 91 357 423 246 250 172 445 115 452 360 65 349 334 456 46 457 317 1 281 202 442 493 89 141 298 73 270 4 198 265 366 391 267 325 60 254 437 328 327 402 95 498 82 286 418 33 482 215 369 496 400 404 102 478 228 104 197 473 311 321 7 316 489 268 185 236 289 105 448 247 23 256 355 460 123 488 221 167 116 396 131 348 462 420 31 76 392 173 434 231 235 154 257 101 170 126 376 295 224 405 201 492 430 240 128 446 436 20 121 466 310 183 379 403 43 191 213 280 351 477 35 490 344 14 285 412 342 242 320 426 315 6 77 32 345 296 13 261 323 112 93 253 219 485 157 152 388 58 300 275 176 86 174 103 258 55 290 337 84 147 218 249 158 244 304 29 269 199 468 78 45 424 125 66 262 484 165 444 230 96 139 108 343 204 474 36 223 203 432 41 51 483 454 212 67 171 441 232 146 381 81 455 195 160 303 308 117 429 49 312 34 259 406 159 384 200 47 377 97 148 243 463 306 187 398 367 40 127 2 124 136 410 362 59 364 279 210 326 450 137 69 346 401 28 313 453 211 361 333 180 111 122 428 80 149 196 332 309 79 27 394 421 252 373 166 497 190 225 411 222 181 297 435 480 16 350 408 142 132 414 234 353 299 347 338 48 179 56 156 471 433 233 324 458 188 476 416 133 208 169 206 292 99 143 90 12 464 135 92 260 440 110 288 217 53 486 134 389 24 318 85 472 336 113 19 8 319 94 409 368 161 248 251 164 237 88 138 387 264 307 72 26 417 39 193 25 499 130 64 70 272 427 42 491 9 383 229 467 359 194 186 3 150 162 371 475 52 153 74 155 495 331 487 10 469 44 385 57 263 330 479
Number of moves: 7034
147 500 275 331 31 266 21 446 224 25 86 45 231 252 485 236 371 297 60 156 467 295 367 406 293 162 27 433 221 248 377 436 454 357 468 138 142 368 9 165 250 270 280 259 81 376 245 241 237 281 363 230 388 278 129 379 328 333 152 483 409 486 119 285 470 82 28 141 102 178 361 369 244 49 397 459 215 73 75 96 360 478 337 203 276 11 209 104 97 291 308 413 323 415 43 306 70 150 254 108 487 14 455 22 393 68 124 170 30 284 195 64 426 473 13 301 222 463 334 18 373 66 402 130 453 69 491 378 47 321 62 465 32 79 7 114 180 326 186 99 408 76 431 177 65 317 385 48 437 2 356 353 479 44 146 89 128 315 344 145 158 173 242 460 121 381 58 484 499 139 190 122 226 233 131 95 312 387 265 216 229 311 143 41 235 220 10 192 134 451 8 155 132 161 16 452 427 120 477 419 421 26 340 85 482 33 441 302 253 440 63 204 364 401 212 407 370 262 40 83 127 307 243 390 318 171 234 53 346 258 4 205 336 105 493 372 20 464 322 118 125 412 335 35 17 46 268 394 3 167 447 93 240 169 354 148 469 283 350 488 466 159 188 366 324 184 375 282 29 445 183 392 396 292 365 19 50 438 218 349 316 67 247 107 140 202 448 52 154 309 213 78 476 386 351 133 435 289 416 200 36 404 325 225 59 182 201 153 113 272 305 179 345 137 219 126 490 432 480 449 56 176 249 458 117 320 191 157 90 417 489 194 174 264 115 110 348 112 206 151 352 299 6 430 395 34 256 410 91 420 80 443 414 24 238 294 15 57 423 494 189 144 98 450 300 457 359 314 210 405 474 136 472 296 274 228 123 498 273 116 304 290 1 214 471 456 442 149 383 403 429 168 5 257 164 239 355 74 103 166 111 439 303 39 263 175 208 310 332 246 286 411 329 37 444 211 51 495 279 347 384 400 343 109 298 42 382 71 255 196 342 362 217 391 496 380 269 185 425 232 277 197 135 287 172 223 187 12 399 38 422 94 461 424 92 23 341 271 339 374 101 55 497 434 462 418 492 389 181 84 72 87 61 198 199 88 163 260 77 267 319 251 54 160 398 358 327 193 106 330 227 481 288 475 207 313 428 338 261 100
Number of moves: 7065
75 487 297 416 89 51 422 403 221 116 353 366 97 246 445 265 438 119 386 319 275 462 490 27 432 55 196 61 16 183 485 424 371 227 195 98 274 491 431 173 6 18 338 340 203 289 31 162 211 406 373 165 190 212 382 206 5 253 410 23 178 261 306 182 400 66 184 460 440 468 259 477 82 145 232 45 428 241 285 135 476 250 73 486 385 426 474 278 441 192 144 76 331 2 287 213 359 30 344 11 316 127 293 160 220 28 37 34 315 80 91 17 113 327 242 43 328 363 56 96 258 225 111 219 240 12 159 15 29 223 356 470 140 294 355 14 71 72 84 349 101 290 314 197 352 41 464 442 296 262 270 238 22 279 186 282 104 317 236 202 358 347 466 326 398 322 229 465 44 126 430 421 500 105 167 298 106 1 146 488 35 164 79 492 292 436 412 457 247 394 268 387 10 313 370 480 152 129 239 284 419 260 395 383 103 372 210 498 330 138 414 481 134 58 361 234 467 100 176 434 90 384 497 40 407 57 207 24 231 147 397 189 38 360 499 68 256 156 303 408 86 437 446 124 65 149 473 69 85 342 92 50 312 483 475 335 336 81 36 376 368 337 118 257 74 26 125 364 199 154 495 415 166 172 83 264 123 375 209 88 177 379 47 283 286 245 130 249 479 67 333 122 459 33 49 115 267 187 450 78 401 148 222 87 345 321 32 8 323 300 271 266 329 214 46 133 255 423 381 263 53 70 346 112 251 288 388 171 402 493 248 318 95 380 405 463 198 452 489 420 224 332 48 308 411 201 350 351 454 170 142 77 478 444 117 399 131 237 496 391 9 94 390 429 208 141 110 93 228 175 120 272 13 334 362 343 458 389 114 277 151 341 157 163 158 443 99 25 150 132 378 304 121 216 396 107 302 482 418 191 374 439 453 299 181 194 108 215 367 295 435 324 63 494 128 461 309 448 226 451 413 252 377 155 64 291 217 281 447 273 276 469 325 243 404 169 4 102 52 471 339 369 200 254 425 354 269 310 472 320 19 143 427 280 218 21 301 357 365 409 168 7 233 230 305 174 205 54 417 433 244 235 137 484 204 180 42 449 136 393 193 188 179 348 139 392 62 39 3 455 161 311 307 59 456 185 60 109 153 20
Number of moves: 7111
71 136 324 268 277 235 183 391 428 301 30 88 221 449 460 43 174 421 290 322 193 390 403 54 371 347 23 331 32 27 407 100 89 204 491 437 74 319 356 175 327 411 396 121 461 248 7 489 220 79 52 212 497 80 60 415 326 186 251 206 272 372 15 455 375 298 439 494 442 189 424 304 178 276 465 20 85 405 195 34 256 86 56 337 38 273 41 452 172 167 297 446 373 97 246 1 259 87 231 57 400 474 180 237 258 266 78 76 345 162 48 296 348 389 457 39 440 278 395 247 309 302 47 126 339 394 283 205 142 496 156 3 44 14 451 269 381 73 294 366 377 96 454 253 445 103 468 368 107 211 158 320 81 328 406 487 64 414 271 318 197 398 8 199 265 343 238 61 104 472 226 448 67 157 288 456 312 286 111 77 22 423 102 500 49 219 228 200 484 417 55 475 329 350 130 443 311 170 431 380 92 255 483 28 388 150 160 399 230 181 376 120 116 436 291 62 213 334 137 129 233 143 141 118 224 16 386 99 26 359 275 293 453 287 369 463 163 110 281 201 18 51 177 335 98 422 284 252 261 458 164 367 33 332 144 316 420 108 147 358 352 486 464 249 125 462 176 260 148 138 336 279 203 392 93 10 435 31 154 493 310 409 357 188 341 13 236 362 351 187 166 244 364 325 382 207 169 40 355 123 365 250 19 384 397 413 70 234 46 263 106 488 122 363 490 292 385 202 25 227 184 75 383 196 299 267 165 481 270 308 344 45 209 410 198 161 492 473 485 185 115 72 153 140 257 124 239 58 482 11 194 479 254 112 404 353 83 459 151 29 146 128 498 95 425 480 418 315 307 354 105 155 24 499 429 323 430 342 132 303 173 218 225 374 321 412 35 241 145 262 5 470 149 432 36 50 119 217 240 387 223 6 222 378 82 264 9 495 338 469 114 295 182 330 245 135 66 444 139 65 477 346 416 133 113 190 433 305 434 419 289 476 191 280 2 401 447 466 300 42 109 210 53 94 426 243 68 159 370 192 313 333 285 361 408 12 127 441 216 438 84 215 314 229 134 427 69 208 360 232 59 478 393 168 274 63 91 37 131 317 152 467 17 282 306 101 349 340 90 214 471 379 450 4 21 242 402 117 179 171
Number of moves: 7194
294 464 11 347 193 384 118 324 57 328 344 428 36 413 342 32 143 210 206 424 473 259 317 474 26 227 467 283 270 396 162 110 31 124 133 408 278 23 106 401 158 68 477 444 419 205 488 152 399 378 86 262 13 361 429 433 117 282 154 453 327 80 331 207 177 145 395 493 465 349 67 285 157 496 27 260 21 394 215 447 153 479 398 59 370 272 146 357 180 277 374 79 385 315 422 130 244 482 7 92 54 372 221 234 237 156 15 316 12 81 201 446 99 78 393 309 39 414 279 129 33 274 417 256 369 66 487 243 41 326 71 359 142 83 220 409 265 131 187 291 113 305 128 190 498 301 340 290 365 170 16 103 213 74 334 295 19 286 211 139 458 257 222 181 325 3 271 155 56 64 383 249 77 125 313 471 232 356 126 29 320 275 247 299 127 194 135 490 44 226 367 248 386 371 22 352 405 233 47 42 46 287 76 363 198 437 192 25 87 333 319 298 6 431 235 70 112 410 459 494 150 165 463 452 387 300 5 418 189 348 164 239 406 228 96 416 186 341 343 141 304 469 373 366 403 483 439 242 174 323 268 182 499 302 60 203 273 251 97 166 107 435 8 219 225 89 84 445 470 432 216 415 376 241 276 321 382 52 147 500 120 308 53 134 379 188 388 292 65 306 339 297 136 191 489 280 197 346 329 45 460 132 91 223 18 238 82 231 423 208 491 472 312 240 314 75 149 35 114 322 402 229 24 466 269 281 480 178 148 171 451 345 442 478 390 62 104 200 102 10 263 338 184 296 185 73 497 1 457 169 160 350 176 119 404 449 430 485 209 252 462 140 63 261 336 426 144 28 4 440 332 94 14 484 199 51 72 167 353 116 90 267 303 362 40 253 454 360 264 111 109 288 236 230 310 420 100 218 355 30 400 217 58 196 311 375 358 289 168 337 55 85 105 475 43 351 397 407 95 364 412 159 245 495 101 266 214 195 492 330 34 172 335 179 425 108 50 121 122 202 49 175 61 38 20 427 392 115 93 17 381 318 307 468 354 2 37 293 434 250 448 391 173 204 481 476 151 368 411 224 69 461 88 436 48 255 212 254 455 389 161 258 98 450 456 441 137 163 486 138 246 443 377 438 284 421 9 123 380 183
Number of moves: 7050
392 334 454 315 237 362 402 308 42 149 71 253 352 10 114 85 349 206 285 420 388 20 378 490 329 112 249 107 484 223 119 305 226 320 496 75 19 124 422 272 437 436 380 73 67 244 232 116 87 258 404 201 14 21 391 492 185 482 317 102 395 425 260 342 416 279 3 433 364 262 33 377 475 132 343 35 448 228 133 472 121 177 105 282 12 144 240 193 186 371 468 309 37 194 197 213 139 44 310 298 284 325 319 307 26 456 275 187 485 200 324 11 396 125 424 83 341 444 62 182 51 297 98 266 327 312 96 153 412 57 163 203 306 283 255 229 316 39 175 238 146 242 141 299 130 54 170 152 276 68 411 233 81 314 216 406 120 452 393 428 335 209 291 287 225 176 183 339 156 429 398 77 4 345 58 473 84 142 204 337 269 137 95 224 478 166 419 41 441 427 109 383 24 476 465 387 293 72 497 489 430 368 250 323 104 375 467 447 292 247 178 191 235 469 461 29 439 457 106 481 5 134 477 376 2 55 63 147 394 179 374 210 115 370 129 190 169 414 400 488 434 117 234 263 367 245 48 140 259 265 211 453 372 138 415 157 222 413 499 241 390 500 271 351 89 294 239 34 76 350 88 80 69 196 264 463 143 174 74 220 159 274 426 248 417 353 455 1 161 464 205 136 92 236 348 303 344 93 184 32 82 148 445 50 47 421 281 195 379 397 110 46 470 86 321 401 328 326 167 273 254 340 164 165 446 180 59 471 38 486 27 369 483 358 359 65 188 410 30 268 160 438 347 103 40 386 355 127 168 99 256 60 231 442 365 181 498 449 300 382 251 290 493 423 171 56 295 277 480 173 431 155 418 381 296 158 432 331 111 494 94 198 25 450 466 108 219 346 36 458 217 91 151 66 289 13 123 267 135 474 202 356 443 435 227 118 330 192 150 278 357 301 361 270 207 131 8 45 101 78 257 409 318 460 15 333 189 154 122 70 407 128 145 491 403 405 354 214 462 43 366 385 288 31 28 313 373 212 9 230 64 408 199 97 221 495 338 322 113 172 336 360 49 162 399 479 487 243 6 304 16 208 246 459 302 52 389 451 100 22 53 286 61 215 261 7 311 332 17 280 126 440 384 252 90 79 23 218 363 18
Number of moves: 7015
87 68 351 66 442 360 272 150 247 210 304 455 187 290 133 277 337 71 391 149 192 78 334 39 414 65 322 55 76 309 240 223 117 450 458 495 108 291 21 70 336 84 140 254 10 478 280 9 422 352 256 221 170 231 216 429 164 265 213 54 103 339 238 376 427 406 106 452 230 459 227 258 137 341 408 390 204 444 19 479 34 374 494 113 232 435 56 22 73 40 355 375 234 251 315 395 205 346 402 172 31 417 224 199 112 243 17 415 18 329 61 154 178 411 445 456 416 321 460 241 394 118 303 451 485 104 30 310 249 325 480 75 3 1 465 470 437 121 144 122 464 63 97 59 361 396 338 499 319 11 200 400 171 342 169 119 198 421 8 419 476 162 293 102 202 15 399 292 496 289 43 91 263 218 28 407 219 271 413 38 368 142 345 483 248 29 194 27 484 306 158 433 284 157 260 193 344 168 382 371 244 115 424 438 253 314 250 324 381 110 165 64 285 74 92 358 245 327 296 49 80 269 446 44 443 266 181 490 471 364 276 174 51 434 362 378 99 498 268 177 209 228 387 233 299 120 176 331 392 300 274 298 161 281 475 105 388 428 229 275 237 457 491 453 152 207 2 235 208 217 215 242 469 320 100 6 129 160 350 405 440 107 148 294 167 489 449 418 373 130 278 131 347 313 236 332 384 20 283 326 356 425 81 114 261 173 25 366 367 287 262 48 335 403 473 311 7 145 220 316 188 369 189 467 246 279 135 47 58 12 333 72 493 166 412 147 24 257 466 132 301 389 60 487 500 36 67 255 183 151 124 4 432 370 69 197 410 393 138 41 430 57 159 33 77 441 125 52 397 98 330 308 191 477 85 26 123 111 349 79 354 83 385 328 35 95 155 383 109 5 379 211 86 186 53 32 318 448 380 454 497 307 196 492 404 482 372 37 481 386 212 90 447 62 206 175 225 46 359 288 323 201 463 270 96 116 486 302 163 259 340 184 239 143 409 398 472 13 222 420 423 82 139 101 141 488 348 436 14 317 89 134 401 50 182 474 305 126 226 357 203 343 180 42 377 282 190 312 295 214 153 468 136 93 462 426 94 439 88 179 363 431 127 146 252 297 45 264 365 461 273 267 353 16 23 185 156 286 195 128
